# RSA Encrypted File
# n=3317843003
# e=65537
# d=1778968697
# Encrypted data:
1380511088
310010429
1380511088
405455676
3161773976
1347178245
3161773976
2678185129
1380511088
68825726
1380511088
3072809747
3161773976
2928112530
1380511088
5296713
2861129219
3161773976
3240838731
1380511088
857754810
1380511088
5296713
1380511088
228370305
2861129219
1380511088
1364638212
1380511088
228370305
3161773976
1716896898
2861129219
1380511088
228370305
1380511088
857754810
1380511088
2943172919
1380511088
68825726
3161773976
3298799364
1380511088
857754810
3161773976
2678185129
1380511088
68825726
3161773976
3298799364
1380511088
809119444
1380511088
68825726
1380511088
5296713
2861129219
3161773976
3298799364
1380511088
857754810
1380511088
2943172919
1380511088
68825726
3161773976
2678185129
3161773976
2928112530
2861129219
228657293
3240838731
1111369992
3035982416
2861129219
1738420353
2861129219
1380511088
2239948156
1380511088
2939182113
3161773976
3240838731
3161773976
3298799364
2861129219
1113655129
1716582189
2751933366
1195568237
2657586817
2657586817
1113655129
1716582189
2751933366
2861129219
1738420353
2861129219
3161773976
2495102668
3161773976
2678185129
1380511088
68825726
2861129219
1380511088
2479140260
3161773976
3298799364
1380511088
2939182113
1380511088
1119532316
3161773976
2678185129
1380511088
68825726
1380511088
2639280583
3161773976
3298799364
1380511088
857754810
3161773976
3240838731
1380511088
2939182113
3161773976
1907118509
1380511088
405455676
3161773976
1347178245
1380511088
2479140260
1380511088
2939182113
1380511088
5296713
2861129219
1380511088
857754810
1380511088
228370305
1380511088
2639280583
1380511088
68825726
3161773976
3298799364
1380511088
2939182113
3161773976
2678185129
1380511088
345151910
2861129219
3161773976
1347178245
2861129219
1380511088
68825726
3161773976
2678185129
1380511088
2479140260
3161773976
3298799364
3161773976
2928112530
3161773976
2678185129
3161773976
2928112530
1380511088
345151910
2861129219
1380511088
2479140260
1380511088
228370305
3161773976
313767094
3161773976
1907118509
1380511088
68825726
1380511088
345151910
1731818914
2657586817
1380511088
68825726
3161773976
1347178245
1380511088
809119444
1380511088
68825726
1380511088
3072809747
1380511088
857754810
1380511088
809119444
1380511088
809119444
3161773976
2928112530
1380511088
5296713
2861129219
1380511088
809119444
1380511088
857754810
2861129219
3161773976
1347178245
1380511088
228370305
1380511088
68825726
1380511088
405825162
1380511088
809119444
1380511088
68825726
3161773976
1347178245
3161773976
2678185129
1380511088
2939182113
2861129219
3161773976
3240838731
1380511088
857754810
1380511088
2479140260
3161773976
2678185129
1380511088
68825726
3161773976
3298799364
1380511088
2939182113
1380511088
1947542574
1380511088
857754810
3161773976
2510780217
1380511088
2939182113
1380511088
2939182113
2861129219
1380511088
2943172919
1380511088
68825726
1380511088
228370305
3161773976
1083771041
3161773976
2052344489
1380511088
2939182113
3161773976
2296757804
2861129219
3161773976
1907118509
1380511088
2939182113
3161773976
1347178245
1380511088
405455676
1380511088
228370305
1195568237
2657586817
2657586817
1380511088
2419438817
1380511088
228370305
1380511088
2639280583
1380511088
68825726
3161773976
3298799364
1380511088
2939182113
3161773976
2678185129
1380511088
345151910
1885633475
2657586817
1518131255
1195568237
2861129219
1380511088
1915771505
1380511088
405455676
1380511088
809119444
1380511088
405455676
3161773976
3298799364
1380511088
857754810
3161773976
2510780217
1380511088
2939182113
3161773976
1716896898
2861129219
1380511088
2479140260
1380511088
228370305
3161773976
313767094
3161773976
1907118509
1380511088
405455676
1380511088
5296713
1885633475
2657586817
2861129219
2861129219
2861129219
1738420353
2861129219
1380511088
2240375087
3161773976
2928112530
1380511088
2943172919
1380511088
2939182113
3161773976
3298799364
1380511088
857754810
3161773976
313767094
3161773976
2678185129
3161773976
1347178245
3161773976
1716896898
2861129219
1380511088
1364638212
1380511088
3072809747
1380511088
857754810
2861129219
1380511088
1119532316
3161773976
3298799364
1380511088
68825726
3161773976
1347178245
3161773976
2678185129
3161773976
2928112530
3161773976
2296757804
2861129219
3161773976
1907118509
1380511088
2939182113
3161773976
1347178245
1380511088
228370305
1380511088
857754810
2861129219
2635234262
2861129219
1380511088
2939182113
2861129219
2993405192
2657586817
2861129219
2861129219
2861129219
1738420353
2861129219
1380511088
2240375087
3161773976
2928112530
3161773976
1907118509
1380511088
2939182113
3161773976
1347178245
1380511088
228370305
3161773976
1716896898
1380511088
405455676
3161773976
2678185129
3161773976
1347178245
3161773976
1716896898
2861129219
1107948913
2861129219
1154230903
2861129219
2635234262
2861129219
1411089158
2861129219
2993405192
2657586817
2861129219
2861129219
2861129219
1738420353
2861129219
1380511088
2240375087
3161773976
2928112530
3161773976
1907118509
1380511088
2939182113
3161773976
1347178245
1380511088
228370305
3161773976
1716896898
1380511088
405455676
3161773976
2678185129
3161773976
1347178245
3161773976
1716896898
2861129219
581822676
2510780217
781676599
1107948913
3236907541
2861129219
1154230903
2861129219
781676599
2635234262
1738420353
1518131255
3236907541
781676599
2993405192
1738420353
1518131255
3236907541
2657586817
2861129219
2861129219
2861129219
1738420353
2861129219
1380511088
2240375087
3161773976
2928112530
1380511088
2943172919
1380511088
2939182113
3161773976
3298799364
1380511088
857754810
1380511088
405455676
3161773976
2678185129
3161773976
1347178245
3161773976
1716896898
2861129219
640710791
2861129219
781676599
1518131255
2861129219
2626666501
2861129219
640710791
2861129219
2626666501
2861129219
581822676
2510780217
781676599
1107948913
3236907541
1731818914
2861129219
1380511088
1508270571
1380511088
463196251
1380511088
2053707316
781676599
640710791
1731818914
581822676
2510780217
781676599
1107948913
3236907541
3236907541
2861129219
1154230903
2861129219
1518131255
3236907541
2657586817
2861129219
2861129219
2861129219
1738420353
2861129219
1380511088
2240375087
3161773976
2928112530
3161773976
1907118509
1380511088
2939182113
3161773976
1347178245
1380511088
228370305
3161773976
1716896898
1380511088
405455676
3161773976
2678185129
3161773976
1347178245
3161773976
1716896898
2861129219
912667413
2861129219
1154230903
2861129219
640710791
3006260933
781676599
1738420353
1518131255
3236907541
2861129219
624279703
251498052
912667413
2861129219
581822676
2510780217
781676599
1107948913
3236907541
2657586817
2861129219
2861129219
2861129219
1738420353
2861129219
1380511088
463196251
3161773976
2678185129
1380511088
2479140260
3161773976
3298799364
3161773976
2928112530
3161773976
2678185129
3161773976
2928112530
1380511088
5296713
2861129219
1380511088
2479140260
1380511088
228370305
3161773976
313767094
3161773976
1907118509
1885633475
2861129219
781676599
1107948913
1731818914
2861129219
640710791
3236907541
1731818914
2861129219
3161773976
1347178245
1380511088
405455676
1380511088
2479140260
3161773976
3298799364
1380511088
405455676
3161773976
2678185129
1380511088
809119444
3161773976
2928112530
1380511088
5296713
2861129219
1380511088
2479140260
1380511088
228370305
3161773976
313767094
3161773976
1907118509
1885633475
2861129219
781676599
1107948913
1731818914
2861129219
912667413
3236907541
2657586817
2657586817
924536361
1195568237
2861129219
1380511088
2239948156
1380511088
2939182113
3161773976
3240838731
3161773976
3298799364
1380511088
68825726
1380511088
3072809747
1380511088
857754810
1380511088
809119444
1380511088
2939182113
1380511088
405455676
1885633475
2861129219
974515539
2861129219
1154230903
2861129219
624279703
3006260933
640710791
2861129219
624279703
251498052
912667413
2861129219
1107948913
2657586817
1475782123
1195568237
2861129219
1380511088
1297384155
1380511088
857754810
3161773976
1347178245
3161773976
2052344489
1380511088
2939182113
3161773976
3240838731
3161773976
3298799364
1380511088
68825726
1380511088
3072809747
1380511088
857754810
1380511088
809119444
1380511088
2939182113
1380511088
405455676
1885633475
2861129219
624279703
2861129219
1154230903
2861129219
974515539
3006260933
912667413
2861129219
624279703
251498052
912667413
2861129219
1107948913
2657586817
2657586817
1113655129
1716582189
2751933366
2861129219
3161773976
2052344489
1380511088
2939182113
3161773976
3298799364
1380511088
68825726
1380511088
2479140260
1380511088
68825726
2861129219
1380511088
2939182113
3161773976
1347178245
1380511088
1119532316
1380511088
68825726
1380511088
228370305
3161773976
1083771041
1380511088
1947542574
3161773976
3154595718
1380511088
405455676
3161773976
2678185129
3161773976
1347178245
3161773976
1716896898
2861129219
1380511088
3072809747
2861129219
1380511088
2939182113
1380511088
809119444
3161773976
2678185129
1380511088
405455676
3161773976
3298799364
1380511088
809119444
1380511088
405455676
3161773976
2678185129
1380511088
405455676
2861129219
1380511088
1364638212
1380511088
228370305
3161773976
1716896898
2861129219
1380511088
1947542574
1380511088
857754810
3161773976
1576017650
1380511088
2939182113
3161773976
2678185129
3161773976
2928112530
2861129219
1380511088
1364638212
1380511088
857754810
1380511088
809119444
1380511088
809119444
3161773976
2928112530
3161773976
2296757804
1195568237
2657586817
